-1
-0.999986289286467
-0.999958300460650
-0.999915466180512
-0.999857219162986
-0.999782992186225
-0.999692218091859
-0.999584329787246
-0.999472470961257
-0.999356642058213
-0.999236843538208
-0.999113075877101
-0.998985339566520
-0.998853635113854
-0.998717963042257
-0.998578323890642
-0.998434718213679
-0.998287146581795
-0.998135609581170
-0.997980107813734
-0.997820641897169
-0.997657212464899
-0.997489820166096
-0.997318465665669
-0.997143149644269
-0.996963872798280
-0.996780635839823
-0.996593439496744
-0.996402284512621
-0.996207171646755
-0.996008101674166
-0.995805075385596
-0.995598093587499
-0.995387157102044
-0.995172266767106
-0.994953423436267
-0.994730627978810
-0.994503881279717
-0.994273184239665
-0.994038537775023
-0.993799942817847
-0.993557400315877
-0.993310911232534
-0.993060476546915
-0.992806097253789
-0.992547774363596
-0.992285508902438
-0.992019301912079
-0.991749154449940
-0.991475067589091
-0.991197042418254
-0.990915080041793
-0.990629181579710
-0.990339348167644
-0.990045580956864
-0.989747881114262
-0.989446249822354
-0.989140688279273
-0.988831197698760
-0.988517779310166
-0.988200434358443
-0.987879164104140
-0.987553969823397
-0.987224852807942
-0.986891814365085
-0.986554855817712
-0.986213978504281
-0.985869183778815
-0.985520473010897
-0.985167847585668
-0.984811308903817
-0.984450858381576
-0.984086497450717
-0.983718227558545
-0.983346050167891
-0.982969966757109
-0.982589978820065
-0.982206087866138
-0.981818295420209
-0.981426603022656
-0.981031012229350
-0.980631524611645
-0.980228141756374
-0.979820865265844
-0.979409696757828
-0.978994637865558
-0.978575690237718
-0.978152855538443
-0.977726135447303
-0.977295531659305
-0.976861045884880
-0.976422679849883
-0.975980435295578
-0.975534313978636
-0.975084317671129
-0.974630448160520
-0.974172707249656
-0.973711096756763
-0.973245618515439
-0.972776274374642
-0.972303066198689
-0.971825995867244
-0.971345065275312
-0.970860276333234
-0.970371630966674
-0.969879131116616
-0.969382778739355
-0.968882575806487
-0.968378524304905
-0.967870626236788
-0.967358883619596
-0.966843298486058
-0.966323872884167
-0.965800608877172
-0.965273508543567
-0.964742573977085
-0.964207807286691
-0.963669210596570
-0.963126786046120
-0.962580535789946
-0.962030461997849
-0.961476566854815
-0.960918852561012
-0.960357321331777
-0.959791975397610
-0.959222817004162
-0.958649848412227
-0.958073071897738
-0.957492489751748
-0.956908104280430
-0.956319917805065
-0.955727932662030
-0.955132151202793
-0.954532575793900
-0.953929208816969
-0.953322052668676
-0.952711109760752
-0.952096382519966
-0.951477873388121
-0.950855584822042
-0.950229519293567
-0.949599679289536
-0.948966067311782
-0.948328685877120
-0.947687537517342
-0.947042624779197
-0.946393950224390
-0.945741516429570
-0.945085325986315
-0.944425381501127
-0.943761685595419
-0.943094240905507
-0.942423050082595
-0.941748115792769
-0.941069440716984
-0.940387027551056
-0.939700879005646
-0.939010997806256
-0.938317386693212
-0.937620048421658
-0.936918985761540
-0.936214201497602
-0.935505698429367
-0.934793479371133
-0.934077547151955
-0.933357904615641
-0.932634554620735
-0.931907500040507
-0.931176743762944
-0.930442288690735
-0.929704137741264
-0.928962293846592
-0.928216759953452
-0.927467539023233
-0.926714634031970
-0.925958047970332
-0.925197783843608
-0.924433844671698
-0.923666233489102
-0.922894953344903
-0.922120007302758
-0.921341398440888
-0.920559129852061
-0.919773204643582
-0.918983625937282
-0.918190396869504
-0.917393520591091
-0.916593000267373
-0.915788839078154
-0.914981040217701
-0.914169606894732
-0.913354542332398
-0.912535849768277
-0.911713532454357
-0.910887593657025
-0.910058036657051
-0.909224864749579
-0.908388081244113
-0.907547689464499
-0.906703692748919
-0.905856094449874
-0.905004897934170
-0.904150106582908
-0.903291723791464
-0.902429752969485
-0.901564197540866
-0.900695060943744
-0.899822346630478
-0.898946058067641
-0.898066198736002
-0.897182772130513
-0.896295781760298
-0.895405231148636
-0.894511123832946
-0.893613463364779
-0.892712253309795
-0.891807497247756
-0.890899198772511
-0.889987361491976
-0.889071989028127
-0.888153085016981
-0.887230653108584
-0.886304696966994
-0.885375220270269
-0.884442226710450
-0.883505719993548
-0.882565703839531
-0.881622181982304
-0.880675158169698
-0.879724636163457
-0.878770619739216
-0.877813112686495
-0.876852118808675
-0.875887641922991
-0.874919685860512
-0.873948254466124
-0.872973351598523
-0.871994981130189
-0.871013146947379
-0.870027852950109
-0.869039103052135
-0.868046901180943
-0.867051251277729
-0.866052157297388
-0.865049623208492
-0.864043652993280
-0.863034250647639
-0.862021420181089
-0.861005165616768
-0.859985490991414
-0.858962400355351
-0.857935897772471
-0.856905987320219
-0.855872673089577
-0.854835959185048
-0.853795849724638
-0.852752348839842
-0.851705460675624
-0.850655189390406
-0.849601539156045
-0.848544514157823
-0.847484118594425
-0.846420356677925
-0.845353232633768
-0.844282750700757
-0.843208915131029
-0.842131730190045
-0.841051200156568
-0.839967329322652
-0.838880121993617
-0.837789582488039
-0.836695715137729
-0.835598524287716
-0.834498014296232
-0.833394189534692
-0.832287054387679
-0.831176613252924
-0.830062870541292
-0.828945830676760
-0.827825498096403
-0.826701877250376
-0.825574972601894
-0.824444788627218
-0.823311329815632
-0.822174600669431
-0.821034605703899
-0.819891349447292
-0.818744836440822
-0.817595071238636
-0.816442058407800
-0.815285802528280
-0.814126308192923
-0.812963580007440
-0.811797622590390
-0.810628440573155
-0.809456038599929
-0.808280421327694
-0.807101593426205
-0.805919559577970
-0.804734324478231
-0.803545892834945
-0.802354269368770
-0.801159458813038
-0.799961465913744
-0.798760295429521
-0.797555952131626
-0.796348440803919
-0.795137766242843
-0.793923933257405
-0.792706946669160
-0.791486811312189
-0.790263532033079
-0.789037113690908
-0.787807561157219
-0.786574879316008
-0.785339073063700
-0.784100147309130
-0.782858106973526
-0.781612956990485
-0.780364702305958
-0.779113347878228
-0.777858898677891
-0.776601359687835
-0.775340735903223
-0.774077032331468
-0.772810253992220
-0.771540405917341
-0.770267493150886
-0.768991520749085
-0.767712493780320
-0.766430417325106
-0.765145296476073
-0.763857136337943
-0.762565942027508
-0.761271718673617
-0.759974471417147
-0.758674205410988
-0.757370925820021
-0.756064637821098
-0.754755346603020
-0.753443057366516
-0.752127775324228
-0.750809505700680
-0.749488253732269
-0.748164024667234
-0.746836823765643
-0.745506656299365
-0.744173527552056
-0.742837442819132
-0.741498407407753
-0.740156426636799
-0.738811505836848
-0.737463650350158
-0.736112865530644
-0.734759156743855
-0.733402529366957
-0.732042988788707
-0.730680540409435
-0.729315189641022
-0.727946941906875
-0.726575802641912
-0.725201777292532
-0.723824871316604
-0.722445090183433
-0.721062439373750
-0.719676924379681
-0.718288550704730
-0.716897323863759
-0.715503249382960
-0.714106332799836
-0.712706579663182
-0.711303995533059
-0.709898585980772
-0.708490356588851
-0.707079312951026
-0.705665460672205
-0.704248805368455
-0.702829352666973
-0.701407108206071
-0.699982077635149
-0.698554266614675
-0.697123680816160
-0.695690325922137
-0.694254207626140
-0.692815331632678
-0.691373703657215
-0.689929329426146
-0.688482214676774
-0.687032365157289
-0.685579786626743
-0.684124484855029
-0.682666465622855
-0.681205734721727
-0.679742297953920
-0.678276161132455
-0.676807330081083
-0.675335810634253
-0.673861608637094
-0.672384729945391
-0.670905180425560
-0.669422965954628
-0.667938092420207
-0.666450565720469
-0.664960391764129
-0.663467576470412
-0.661972125769041
-0.660474045600201
-0.658973341914528
-0.657470020673074
-0.655964087847290
-0.654455549419002
-0.652944411380384
-0.651430679733938
-0.649914360492466
-0.648395459679050
-0.646873983327027
-0.645349937479962
-0.643823328191629
-0.642294161525983
-0.640762443557138
-0.639228180369342
-0.637691378056952
-0.636152042724414
-0.634610180486231
-0.633065797466948
-0.631518899801119
-0.629969493633289
-0.628417585117967
-0.626863180419601
-0.625306285712554
-0.623746907181081
-0.622185051019303
-0.620620723431181
-0.619053930630494
-0.617484678840814
-0.615912974295479
-0.614338823237572
-0.612762231919891
-0.611183206604929
-0.609601753564847
-0.608017879081450
-0.606431589446160
-0.604842890959993
-0.603251789933534
-0.601658292686909
-0.600062405549766
-0.598464134861243
-0.596863486969947
-0.595260468233928
-0.593655085020652
-0.592047343706979
-0.590437250679134
-0.588824812332684
-0.587210035072514
-0.585592925312795
-0.583973489476969
-0.582351733997712
-0.580727665316918
-0.579101289885668
-0.577472614164204
-0.575841644621909
-0.574208387737274
-0.572572849997877
-0.570935037900357
-0.569294957950386
-0.567652616662644
-0.566008020560793
-0.564361176177455
-0.562712090054177
-0.561060768741415
-0.559407218798503
-0.557751446793625
-0.556093459303793
-0.554433262914821
-0.552770864221293
-0.551106269826546
-0.549439486342634
-0.547770520390309
-0.546099378598992
-0.544426067606747
-0.542750594060252
-0.541072964614779
-0.539393185934161
-0.537711264690767
-0.536027207565481
-0.534341021247666
-0.532652712435147
-0.530962287834176
-0.529269754159412
-0.527575118133890
-0.525878386488998
-0.524179565964445
-0.522478663308241
-0.520775685276663
-0.519070638634235
-0.517363530153695
-0.515654366615974
-0.513943154810162
-0.512229901533490
-0.510514613591294
-0.508797297796994
-0.507077960972064
-0.505356609946007
-0.503633251556327
-0.501907892648499
-0.500180540075948
-0.498451200700015
-0.496719881389935
-0.494986589022806
-0.493251330483566
-0.491514112664959
-0.489774942467516
-0.488033826799520
-0.486290772576982
-0.484545786723616
-0.482798876170805
-0.481050047857580
-0.479299308730588
-0.477546665744067
-0.475792125859818
-0.474035696047175
-0.472277383282981
-0.470517194551558
-0.468755136844678
-0.466991217161538
-0.465225442508733
-0.463457819900223
-0.461688356357310
-0.459917058908609
-0.458143934590019
-0.456368990444695
-0.454592233523022
-0.452813670882585
-0.451033309588141
-0.449251156711592
-0.447467219331957
-0.445681504535344
-0.443894019414918
-0.442104771070880
-0.440313766610432
-0.438521013147754
-0.436726517803971
-0.434930287707128
-0.433132329992160
-0.431332651800867
-0.429531260281880
-0.427728162590638
-0.425923365889354
-0.424116877346994
-0.422308704139241
-0.420498853448470
-0.418687332463722
-0.416874148380670
-0.415059308401593
-0.413242819735350
-0.411424689597346
-0.409604925209509
-0.407783533800255
-0.405960522604467
-0.404135898863459
-0.402309669824950
-0.400481842743039
-0.398652424878169
-0.396821423497104
-0.394988845872897
-0.393154699284862
-0.391318991018546
-0.389481728365699
-0.387642918624245
-0.385802569098254
-0.383960687097911
-0.382117279939489
-0.380272354945320
-0.378425919443764
-0.376577980769180
-0.374728546261902
-0.372877623268200
-0.371025219140261
-0.369171341236153
-0.367315996919799
-0.365459193560947
-0.363600938535140
-0.361741239223688
-0.359880103013636
-0.358017537297740
-0.356153549474430
-0.354288146947789
-0.352421337127517
-0.350553127428905
-0.348683525272804
-0.346812538085595
-0.344940173299164
-0.343066438350865
-0.341191340683498
-0.339314887745273
-0.337437086989785
-0.335557945875984
-0.333677471868140
-0.331795672435823
-0.329912555053862
-0.328028127202327
-0.326142396366488
-0.324255370036795
-0.322367055708841
-0.320477460883336
-0.318586593066078
-0.316694459767919
-0.314801068504739
-0.312906426797414
-0.311010542171789
-0.309113422158644
-0.307215074293668
-0.305315506117424
-0.303414725175326
-0.301512739017604
-0.299609555199274
-0.297705181280112
-0.295799624824618
-0.293892893401991
-0.291984994586098
-0.290075935955443
-0.288165725093134
-0.286254369586859
-0.284341877028852
-0.282428255015864
-0.280513511149130
-0.278597653034344
-0.276680688281625
-0.274762624505488
-0.272843469324811
-0.270923230362812
-0.269001915247010
-0.267079531609201
-0.265156087085423
-0.263231589315931
-0.261306045945161
-0.259379464621703
-0.257451852998272
-0.255523218731673
-0.253593569482773
-0.251662912916473
-0.249731256701674
-0.247798608511247
-0.245864976022004
-0.243930366914666
-0.241994788873836
-0.240058249587962
-0.238120756749314
-0.236182318053946
-0.234242941201671
-0.232302633896030
-0.230361403844257
-0.228419258757252
-0.226476206349551
-0.224532254339294
-0.222587410448194
-0.220641682401504
-0.218695077927994
-0.216747604759911
-0.214799270632955
-0.212850083286246
-0.210900050462291
-0.208949179906957
-0.206997479369439
-0.205044956602228
-0.203091619361081
-0.201137475404991
-0.199182532496153
-0.197226798399940
-0.195270280884864
-0.193312987722550
-0.191354926687704
-0.189396105558083
-0.187436532114461
-0.185476214140602
-0.183515159423228
-0.181553375751987
-0.179590870919420
-0.177627652720937
-0.175663728954778
-0.173699107421987
-0.171733795926380
-0.169767802274514
-0.167801134275653
-0.165833799741743
-0.163865806487375
-0.161897162329759
-0.159927875088689
-0.157957952586512
-0.155987402648102
-0.154016233100822
-0.152044451774498
-0.150072066501385
-0.148099085116138
-0.146125515455780
-0.144151365359668
-0.142176642669469
-0.140201355229121
-0.138225510884807
-0.136249117484921
-0.134272182880038
-0.132294714922885
-0.130316721468304
-0.128338210373227
-0.126359189496641
-0.124379666699559
-0.122399649844987
-0.120419146797893
-0.118438165425176
-0.116456713595637
-0.114474799179944
-0.112492430050603
-0.110509614081925
-0.108526359149999
-0.106542673132654
-0.104558563909434
-0.102574039361563
-0.100589107371915
-0.0986037758249813
-0.0966180526068420
-0.0946319456051320
-0.0926454627090110
-0.0906586118091316
-0.0886714007976084
-0.0866838375679862
-0.0846959300152091
-0.0827076860355888
-0.0807191135267733
-0.0787302203877155
-0.0767410145186421
-0.0747515038210220
-0.0727616961975349
-0.0707715995520397
-0.0687812217895436
-0.0667905708161706
-0.0647996545391295
-0.0628084808666833
-0.0608170577081172
-0.0588253929737075
-0.0568334945746902
-0.0548413704232291
-0.0528490284323851
-0.0508564765160842
-0.0488637225890864
-0.0468707745669539
-0.0448776403660201
-0.0428843279033578
-0.0408908450967479
-0.0388971998646480
-0.0369034001261608
-0.0349094538010029
-0.0329153688094730
-0.0309211530724205
-0.0289268145112144
-0.0269323610477116
-0.0249378006042250
-0.0229431411034929
-0.0209483904686469
-0.0189535566231805
-0.0169586474909180
-0.0149636709959823
-0.0129686350627644
-0.0109735476158911
-0.00897841658019383
-0.00698324988067719
-0.00498805544248746
-0.00299284119088113
-0.000997615051193367
0.000997615051193464
0.00299284119088123
0.00498805544248753
0.00698324988067722
0.00897841658019381
0.0109735476158911
0.0129686350627644
0.0149636709959823
0.0169586474909180
0.0189535566231805
0.0209483904686469
0.0229431411034929
0.0249378006042250
0.0269323610477115
0.0289268145112144
0.0309211530724205
0.0329153688094730
0.0349094538010029
0.0369034001261609
0.0388971998646480
0.0408908450967479
0.0428843279033577
0.0448776403660201
0.0468707745669539
0.0488637225890864
0.0508564765160842
0.0528490284323851
0.0548413704232291
0.0568334945746901
0.0588253929737075
0.0608170577081172
0.0628084808666833
0.0647996545391295
0.0667905708161706
0.0687812217895437
0.0707715995520396
0.0727616961975348
0.0747515038210220
0.0767410145186421
0.0787302203877155
0.0807191135267733
0.0827076860355888
0.0846959300152092
0.0866838375679862
0.0886714007976084
0.0906586118091316
0.0926454627090110
0.0946319456051320
0.0966180526068420
0.0986037758249814
0.100589107371915
0.102574039361563
0.104558563909434
0.106542673132654
0.108526359149999
0.110509614081925
0.112492430050603
0.114474799179944
0.116456713595637
0.118438165425176
0.120419146797893
0.122399649844987
0.124379666699559
0.126359189496641
0.128338210373227
0.130316721468304
0.132294714922885
0.134272182880038
0.136249117484921
0.138225510884807
0.140201355229121
0.142176642669469
0.144151365359668
0.146125515455780
0.148099085116138
0.150072066501385
0.152044451774498
0.154016233100822
0.155987402648102
0.157957952586513
0.159927875088689
0.161897162329759
0.163865806487375
0.165833799741743
0.167801134275653
0.169767802274514
0.171733795926380
0.173699107421987
0.175663728954778
0.177627652720937
0.179590870919420
0.181553375751987
0.183515159423228
0.185476214140602
0.187436532114461
0.189396105558083
0.191354926687704
0.193312987722550
0.195270280884864
0.197226798399940
0.199182532496153
0.201137475404991
0.203091619361081
0.205044956602228
0.206997479369439
0.208949179906957
0.210900050462291
0.212850083286246
0.214799270632955
0.216747604759911
0.218695077927994
0.220641682401504
0.222587410448194
0.224532254339295
0.226476206349551
0.228419258757252
0.230361403844257
0.232302633896030
0.234242941201671
0.236182318053946
0.238120756749314
0.240058249587962
0.241994788873836
0.243930366914666
0.245864976022004
0.247798608511247
0.249731256701674
0.251662912916473
0.253593569482773
0.255523218731673
0.257451852998272
0.259379464621703
0.261306045945161
0.263231589315931
0.265156087085423
0.267079531609201
0.269001915247010
0.270923230362812
0.272843469324811
0.274762624505488
0.276680688281625
0.278597653034344
0.280513511149130
0.282428255015864
0.284341877028852
0.286254369586859
0.288165725093134
0.290075935955443
0.291984994586098
0.293892893401991
0.295799624824618
0.297705181280112
0.299609555199274
0.301512739017604
0.303414725175326
0.305315506117424
0.307215074293668
0.309113422158644
0.311010542171789
0.312906426797414
0.314801068504739
0.316694459767919
0.318586593066078
0.320477460883336
0.322367055708841
0.324255370036795
0.326142396366488
0.328028127202327
0.329912555053862
0.331795672435823
0.333677471868140
0.335557945875984
0.337437086989785
0.339314887745273
0.341191340683498
0.343066438350865
0.344940173299164
0.346812538085595
0.348683525272804
0.350553127428905
0.352421337127518
0.354288146947789
0.356153549474430
0.358017537297740
0.359880103013636
0.361741239223688
0.363600938535140
0.365459193560947
0.367315996919799
0.369171341236153
0.371025219140261
0.372877623268200
0.374728546261902
0.376577980769180
0.378425919443764
0.380272354945320
0.382117279939489
0.383960687097911
0.385802569098254
0.387642918624245
0.389481728365699
0.391318991018546
0.393154699284862
0.394988845872897
0.396821423497104
0.398652424878169
0.400481842743039
0.402309669824951
0.404135898863459
0.405960522604467
0.407783533800255
0.409604925209509
0.411424689597346
0.413242819735350
0.415059308401593
0.416874148380670
0.418687332463722
0.420498853448470
0.422308704139241
0.424116877346994
0.425923365889354
0.427728162590638
0.429531260281880
0.431332651800867
0.433132329992160
0.434930287707128
0.436726517803971
0.438521013147754
0.440313766610433
0.442104771070880
0.443894019414918
0.445681504535344
0.447467219331957
0.449251156711592
0.451033309588141
0.452813670882585
0.454592233523022
0.456368990444695
0.458143934590019
0.459917058908609
0.461688356357310
0.463457819900223
0.465225442508733
0.466991217161538
0.468755136844678
0.470517194551558
0.472277383282981
0.474035696047175
0.475792125859818
0.477546665744067
0.479299308730588
0.481050047857580
0.482798876170805
0.484545786723616
0.486290772576982
0.488033826799520
0.489774942467516
0.491514112664959
0.493251330483565
0.494986589022806
0.496719881389935
0.498451200700015
0.500180540075948
0.501907892648499
0.503633251556327
0.505356609946007
0.507077960972064
0.508797297796994
0.510514613591294
0.512229901533490
0.513943154810162
0.515654366615974
0.517363530153695
0.519070638634235
0.520775685276663
0.522478663308241
0.524179565964445
0.525878386488998
0.527575118133890
0.529269754159412
0.530962287834176
0.532652712435147
0.534341021247666
0.536027207565481
0.537711264690767
0.539393185934161
0.541072964614779
0.542750594060252
0.544426067606747
0.546099378598992
0.547770520390309
0.549439486342634
0.551106269826546
0.552770864221293
0.554433262914821
0.556093459303793
0.557751446793625
0.559407218798503
0.561060768741415
0.562712090054177
0.564361176177455
0.566008020560793
0.567652616662644
0.569294957950386
0.570935037900357
0.572572849997877
0.574208387737274
0.575841644621909
0.577472614164204
0.579101289885668
0.580727665316918
0.582351733997712
0.583973489476969
0.585592925312795
0.587210035072514
0.588824812332684
0.590437250679134
0.592047343706979
0.593655085020652
0.595260468233928
0.596863486969947
0.598464134861243
0.600062405549766
0.601658292686909
0.603251789933534
0.604842890959993
0.606431589446160
0.608017879081450
0.609601753564847
0.611183206604929
0.612762231919891
0.614338823237572
0.615912974295479
0.617484678840814
0.619053930630494
0.620620723431180
0.622185051019303
0.623746907181081
0.625306285712554
0.626863180419601
0.628417585117967
0.629969493633289
0.631518899801119
0.633065797466948
0.634610180486231
0.636152042724414
0.637691378056952
0.639228180369342
0.640762443557138
0.642294161525983
0.643823328191629
0.645349937479962
0.646873983327027
0.648395459679050
0.649914360492466
0.651430679733938
0.652944411380384
0.654455549419002
0.655964087847290
0.657470020673074
0.658973341914528
0.660474045600201
0.661972125769041
0.663467576470412
0.664960391764129
0.666450565720469
0.667938092420207
0.669422965954628
0.670905180425560
0.672384729945390
0.673861608637094
0.675335810634253
0.676807330081083
0.678276161132455
0.679742297953920
0.681205734721727
0.682666465622855
0.684124484855029
0.685579786626743
0.687032365157289
0.688482214676774
0.689929329426146
0.691373703657215
0.692815331632678
0.694254207626140
0.695690325922137
0.697123680816160
0.698554266614675
0.699982077635149
0.701407108206071
0.702829352666973
0.704248805368455
0.705665460672205
0.707079312951026
0.708490356588851
0.709898585980772
0.711303995533059
0.712706579663182
0.714106332799836
0.715503249382960
0.716897323863759
0.718288550704730
0.719676924379681
0.721062439373750
0.722445090183433
0.723824871316604
0.725201777292532
0.726575802641912
0.727946941906875
0.729315189641022
0.730680540409435
0.732042988788707
0.733402529366957
0.734759156743855
0.736112865530644
0.737463650350158
0.738811505836848
0.740156426636799
0.741498407407753
0.742837442819132
0.744173527552056
0.745506656299365
0.746836823765643
0.748164024667234
0.749488253732269
0.750809505700680
0.752127775324228
0.753443057366516
0.754755346603020
0.756064637821098
0.757370925820021
0.758674205410988
0.759974471417147
0.761271718673617
0.762565942027508
0.763857136337943
0.765145296476073
0.766430417325106
0.767712493780320
0.768991520749085
0.770267493150886
0.771540405917341
0.772810253992220
0.774077032331468
0.775340735903223
0.776601359687835
0.777858898677891
0.779113347878228
0.780364702305958
0.781612956990485
0.782858106973526
0.784100147309130
0.785339073063700
0.786574879316008
0.787807561157219
0.789037113690908
0.790263532033079
0.791486811312189
0.792706946669160
0.793923933257405
0.795137766242843
0.796348440803919
0.797555952131626
0.798760295429521
0.799961465913744
0.801159458813038
0.802354269368770
0.803545892834945
0.804734324478231
0.805919559577970
0.807101593426205
0.808280421327694
0.809456038599929
0.810628440573155
0.811797622590390
0.812963580007440
0.814126308192923
0.815285802528280
0.816442058407800
0.817595071238636
0.818744836440822
0.819891349447292
0.821034605703899
0.822174600669431
0.823311329815632
0.824444788627218
0.825574972601894
0.826701877250376
0.827825498096403
0.828945830676760
0.830062870541292
0.831176613252924
0.832287054387679
0.833394189534692
0.834498014296232
0.835598524287716
0.836695715137729
0.837789582488039
0.838880121993617
0.839967329322652
0.841051200156568
0.842131730190045
0.843208915131029
0.844282750700757
0.845353232633768
0.846420356677925
0.847484118594425
0.848544514157823
0.849601539156045
0.850655189390406
0.851705460675624
0.852752348839842
0.853795849724638
0.854835959185048
0.855872673089577
0.856905987320219
0.857935897772471
0.858962400355351
0.859985490991414
0.861005165616768
0.862021420181089
0.863034250647639
0.864043652993280
0.865049623208492
0.866052157297388
0.867051251277729
0.868046901180943
0.869039103052135
0.870027852950109
0.871013146947379
0.871994981130189
0.872973351598523
0.873948254466124
0.874919685860512
0.875887641922991
0.876852118808675
0.877813112686495
0.878770619739216
0.879724636163457
0.880675158169698
0.881622181982304
0.882565703839531
0.883505719993548
0.884442226710450
0.885375220270269
0.886304696966994
0.887230653108584
0.888153085016981
0.889071989028127
0.889987361491976
0.890899198772511
0.891807497247756
0.892712253309795
0.893613463364779
0.894511123832946
0.895405231148636
0.896295781760298
0.897182772130513
0.898066198736002
0.898946058067641
0.899822346630478
0.900695060943744
0.901564197540866
0.902429752969485
0.903291723791464
0.904150106582908
0.905004897934170
0.905856094449874
0.906703692748919
0.907547689464499
0.908388081244113
0.909224864749580
0.910058036657051
0.910887593657025
0.911713532454357
0.912535849768277
0.913354542332398
0.914169606894732
0.914981040217701
0.915788839078154
0.916593000267373
0.917393520591091
0.918190396869504
0.918983625937282
0.919773204643582
0.920559129852061
0.921341398440888
0.922120007302758
0.922894953344903
0.923666233489102
0.924433844671698
0.925197783843608
0.925958047970332
0.926714634031970
0.927467539023233
0.928216759953452
0.928962293846592
0.929704137741264
0.930442288690735
0.931176743762944
0.931907500040507
0.932634554620735
0.933357904615641
0.934077547151955
0.934793479371133
0.935505698429367
0.936214201497602
0.936918985761540
0.937620048421658
0.938317386693212
0.939010997806256
0.939700879005646
0.940387027551056
0.941069440716984
0.941748115792769
0.942423050082595
0.943094240905507
0.943761685595419
0.944425381501127
0.945085325986315
0.945741516429570
0.946393950224390
0.947042624779197
0.947687537517342
0.948328685877120
0.948966067311782
0.949599679289536
0.950229519293567
0.950855584822042
0.951477873388121
0.952096382519966
0.952711109760752
0.953322052668676
0.953929208816969
0.954532575793900
0.955132151202793
0.955727932662030
0.956319917805065
0.956908104280430
0.957492489751748
0.958073071897738
0.958649848412227
0.959222817004162
0.959791975397610
0.960357321331777
0.960918852561012
0.961476566854815
0.962030461997849
0.962580535789946
0.963126786046120
0.963669210596570
0.964207807286691
0.964742573977085
0.965273508543567
0.965800608877172
0.966323872884167
0.966843298486058
0.967358883619596
0.967870626236788
0.968378524304905
0.968882575806487
0.969382778739355
0.969879131116616
0.970371630966674
0.970860276333234
0.971345065275312
0.971825995867244
0.972303066198689
0.972776274374642
0.973245618515439
0.973711096756763
0.974172707249656
0.974630448160520
0.975084317671129
0.975534313978636
0.975980435295578
0.976422679849883
0.976861045884880
0.977295531659305
0.977726135447303
0.978152855538443
0.978575690237718
0.978994637865558
0.979409696757828
0.979820865265844
0.980228141756374
0.980631524611645
0.981031012229350
0.981426603022656
0.981818295420209
0.982206087866138
0.982589978820065
0.982969966757109
0.983346050167891
0.983718227558545
0.984086497450717
0.984450858381576
0.984811308903817
0.985167847585668
0.985520473010897
0.985869183778815
0.986213978504281
0.986554855817712
0.986891814365085
0.987224852807942
0.987553969823397
0.987879164104140
0.988200434358443
0.988517779310166
0.988831197698760
0.989140688279273
0.989446249822354
0.989747881114262
0.990045580956864
0.990339348167644
0.990629181579710
0.990915080041793
0.991197042418254
0.991475067589091
0.991749154449940
0.992019301912080
0.992285508902438
0.992547774363596
0.992806097253789
0.993060476546915
0.993310911232534
0.993557400315877
0.993799942817847
0.994038537775023
0.994273184239665
0.994503881279717
0.994730627978810
0.994953423436267
0.995172266767106
0.995387157102044
0.995598093587499
0.995805075385596
0.996008101674166
0.996207171646755
0.996402284512621
0.996593439496744
0.996780635839823
0.996963872798280
0.997143149644269
0.997318465665669
0.997489820166096
0.997657212464899
0.997820641897169
0.997980107813734
0.998135609581170
0.998287146581795
0.998434718213679
0.998578323890642
0.998717963042257
0.998853635113854
0.998985339566520
0.999113075877101
0.999236843538208
0.999356642058213
0.999472470961257
0.999584329787246
0.999692218091859
0.999782992186225
0.999857219162986
0.999915466180512
0.999958300460650
0.999986289286467
1