0.00357889929984090
0.0108136187884389
0.0182038187875144
0.0257528110407690
0.0334639765380995
0.0413407669069299
0.0493867058289799
0.0576053904828799
0.0660004930129365
0.0745757620244247
0.0833350241057573
0.0922821853778544
0.101421233071093
0.110756237130181
0.120291351847255
0.130030817523590
0.139978962160230
0.150140203177855
0.160519049166266
0.171120101663729
0.181948056966539
0.193007707969122
0.204303946034945
0.215841762898512
0.227626252598758
0.239662613444112
0.251956150009476
0.264512275165363
0.277336512139454
0.290434496610794
0.303811978836779
0.317474825813247
0.331429023467738
0.345680678886140
0.360236022572855
0.375101410744581
0.390283327657863
0.405788387970443
0.421623339136472
0.437795063835662
0.454310582436297
0.471177055492129
0.488401786273123
0.505992223329912
0.523955963091862
0.542300752498610
0.561034491664854
0.580165236578156
0.599701201829532
0.619650763376460
0.640022461337957
0.660825002821321
0.682067264780095
0.703758296902692
0.725907324531132
0.748523751609298
0.771617163659981
0.795197330789950
0.819274210722290
0.843857951855060
0.868958896345333
0.894587583217612
0.920754751495452
0.947471343355100
0.974748507299932
1.00259760135424
1.03103019627492
1.06005807877956
1.08969325478912
1.11994795268360
1.15083462656875
1.18236595955174
1.21455486702382
1.24741449994768
1.28095824814714
1.31519974359660
1.35015286370789
1.38583173461135
1.42225073442859
1.45942449653368
1.49736791279954
1.53609613682620
1.57562458714740
1.61596895041173
1.65714518453444
1.69916952181584
1.74205847202206
1.78582882542362
1.83049765578714
1.87608232331543
1.92260047753075
1.97007006009597
2.01850930756817
2.06793675407879
2.11837123393450
2.16983188413245
2.22233814678345
2.27590977143637
2.33056681729680
2.38632965533266
2.44321897025933
2.50125576239645
2.56046134938842
2.62085736778015
2.68246577443958
2.74530884781792
2.80940918903855
2.87478972280491
2.94147369811784
3.00948468879198
3.07884659376113
3.14958363716157
3.22172036818263
3.29528166067304
3.37029271249141
3.44677904458905
3.52476649981282
3.60428124141559
3.68534975126136
3.76799882771198
3.85225558318230
3.93814744134962
4.02570213400400
4.11494769752486
4.20591246896961
4.29862508175948
4.39311446094776
4.48940981805512
4.58754064545681
4.68753671030614
4.78942804797854
4.89324495502032
4.99901798158625
5.10677792334975
5.21655581286963
5.32838291039728
5.44229069410776
5.55831084973903
5.67647525962283
5.79681599109131
5.91936528424341
6.04415553905522
6.17121930181876
6.30058925089388
6.43229818175820
6.56637899134045
6.70286466162303
6.84178824249985
6.98318283387629
7.12708156699849
7.27351758500000
7.42252402265436
7.57413398532307
7.72838052708925
7.88529662806819
8.04491517088689
8.20726891632595
8.37239047811828
8.54031229690012
8.71106661331146
8.88468544024418
9.06120053423787
9.24064336602465
9.42304509022606
9.60843651420708
9.79684806609376
9.98830976196317
10.1828511722163
10.3805013871469
10.5812889817203
10.7852419795813
10.9923878163083
11.2027533019382
11.4163645827840
11.6332471025753
11.8534255629491
12.0769238833241
12.3037651601952
12.5339716258847
12.7675646067924
13.0045644811891
13.2449906365994
13.4888614268253
13.7361941286630
13.9870048983704
14.2413087279425
14.4991194012601
14.7604494501749
15.0253101106007
15.2937112786821
15.5656614671150
15.8411677616958
16.1202357781810
16.4028696195373
16.6890718336702
16.9788433717168
17.2721835469944
17.5690899946963
17.8695586324287
18.1735836216855
18.4811573303588
18.7922702963821
19.1069111926088
19.4250667930255
19.7467219404014
20.0718595154773
20.4004604077942
20.7325034882644
21.0679655835868
21.4068214526045
21.7490437647060
22.0946030803660
22.4434678339216
22.7956043186769
23.1509766744264
23.5095468774851
23.8712747333079
24.2361178717797
24.6040317452506
24.9749696293893
25.3488826269187
25.7257196742968
26.1054275513964
26.4879508942342